0.148791037127987E+04    0.148736862826987E+04    0.148735899857774E+04    0.148712244144655E+04    0.148716802208676E+04    0.148796517097888E+04    0.200000000000000E+03    0.149699999872173E+04    0.149699999683359E+04    0.150726382154206E+04    0.149699999936282E+04    0.149699999868536E+04    0.149700000033629E+04    0.148768470139529E+04    0.149699999978896E+04
0.148743050307123E+04    0.148779252215621E+04    0.148757548340849E+04    0.148756140250256E+04    0.148778035873949E+04    0.200000000000000E+03    0.148709415245704E+04    0.149700000006768E+04    0.149699999879297E+04    0.150717767834374E+04    0.149700000012506E+04    0.149700000004052E+04    0.149699999968927E+04    0.148742579326726E+04    0.149700000014512E+04
0.200000000000003E+03    0.148764826994388E+04    0.148747616904496E+04    0.148740420872741E+04    0.148787371090055E+04    0.148727689411059E+04    0.148775322333287E+04    0.149700000035869E+04    0.149699999981950E+04    0.150723411765587E+04    0.149700000009222E+04    0.149700000104432E+04    0.149699999960281E+04    0.148717345630782E+04    0.149700000053352E+04
0.149700000003785E+04    0.149700000068789E+04    0.149699999934274E+04    0.149700000192301E+04    0.149699999981712E+04    0.149699999811337E+04    0.149700000015295E+04    0.150682541086422E+04    0.150677814966869E+04    0.151700000110839E+04    0.150615415769205E+04    0.150621211203663E+04    0.200000000000012E+03    0.149699999911238E+04    0.150679485363205E+04
0.149699999983601E+04    0.149700000006838E+04    0.149699999535945E+04    0.149699999765448E+04    0.149699999738704E+04    0.149700000008304E+04    0.149700000008747E+04    0.150694848081031E+04    0.150649191844029E+04    0.151699999986428E+04    0.150638096859038E+04    0.150621613445113E+04    0.150672535713454E+04    0.149699999853836E+04    0.200000000000001E+03
0.150705897246903E+04    0.150740080839903E+04    0.150706646827594E+04    0.150724773300408E+04    0.150700560899259E+04    0.150701622536267E+04    0.150708862599577E+04    0.151699999921499E+04    0.151700000159415E+04    0.200000000000004E+03    0.151699999982622E+04    0.151700000015445E+04    0.151699999800916E+04    0.150705227754350E+04    0.151700000029069E+04
0.149699999916496E+04    0.149700000018914E+04    0.149700000038898E+04    0.149700000028610E+04    0.149699999942758E+04    0.149699999912389E+04    0.149699999849496E+04    0.200000000000004E+03    0.150652290420695E+04    0.151700000270387E+04    0.150671525541293E+04    0.150644848294834E+04    0.150665096620270E+04    0.149699999877807E+04    0.150642564078448E+04
0.149700000102278E+04    0.149699999948720E+04    0.149699999993364E+04    0.149700000072886E+04    0.149700000108203E+04    0.149700000162757E+04    0.149700000300492E+04    0.150680245889733E+04    0.150616470302792E+04    0.151699999899980E+04    0.200000000000001E+03    0.150694302585969E+04    0.150655438055322E+04    0.149700000035693E+04    0.150695958207806E+04
0.148799195354376E+04    0.148730892617169E+04    0.148797239505825E+04    0.200000000000002E+03    0.148718262122500E+04    0.148777752003344E+04    0.148720622602681E+04    0.149700000017542E+04    0.149700000033733E+04    0.150703149381296E+04    0.149699999897690E+04    0.149699999961698E+04    0.149700000059615E+04    0.148736317709233E+04    0.149699999971083E+04
0.148719144886614E+04    0.148715572832423E+04    0.200000000000001E+03    0.148773241351607E+04    0.148786200657886E+04    0.148755836376436E+04    0.148773250004775E+04    0.149700000091037E+04    0.149700000051687E+04    0.150709557435384E+04    0.149699999670353E+04    0.149700000010041E+04    0.149700000030379E+04    0.148750764786910E+04    0.149699999801797E+04
0.148797594449686E+04    0.200000000000010E+03    0.148762083844769E+04    0.148722746053438E+04    0.148720818522707E+04    0.148706498747727E+04    0.148772462961437E+04    0.149699999989693E+04    0.149699999650824E+04    0.150707533494848E+04    0.149699999605179E+04    0.149699999861128E+04    0.149700000084804E+04    0.148793734321155E+04    0.149700000319813E+04
0.149699999924542E+04    0.149699999924488E+04    0.149700000093164E+04    0.149699999993082E+04    0.149700000022119E+04    0.149699999996259E+04    0.149699999971315E+04    0.150658620551629E+04    0.150680464898300E+04    0.151699999618172E+04    0.150686448365077E+04    0.200000000000006E+03    0.150688406990112E+04    0.149700000180029E+04    0.150628387123029E+04
0.148723813932689E+04    0.148773772362044E+04    0.148704206562037E+04    0.148767549360116E+04    0.148775214080957E+04    0.148782470832210E+04    0.148753748351190E+04    0.149700000067699E+04    0.149699999974633E+04    0.150702448712017E+04    0.149700000081566E+04    0.149699999829520E+04    0.149700000201575E+04    0.200000000000004E+03    0.149700000084732E+04
0.148703678877701E+04    0.148743474900508E+04    0.148772096589349E+04    0.148786961240785E+04    0.200000000000000E+03    0.148734823843689E+04    0.148769875263691E+04    0.149700000215003E+04    0.149700000084198E+04    0.150703646809258E+04    0.149700000028689E+04    0.149700000027432E+04    0.149699999981413E+04    0.148768779570513E+04    0.149700000068851E+04
0.149700000055755E+04    0.149699999967443E+04    0.149700000225430E+04    0.149700000010640E+04    0.149699999989796E+04    0.149699999995945E+04    0.149699999934458E+04    0.150626235176041E+04    0.200000000000002E+03    0.151699999924525E+04    0.150664925684347E+04    0.150694279275262E+04    0.150661089452698E+04    0.149700000038215E+04    0.150695858271733E+04
0.999999999990654E-01    0.999999999992671E-01    0.999999999998764E-01    0.999999999970686E-01    0.999999999999335E-01    0.999999999991378E-01    0.279001985844821E-01    0.999999999996437E-01    0.999999999976997E-01    0.999999999994545E-01    0.999999999990648E-01    0.999999999989371E-01    0.999999999999847E-01    0.999999999978402E-01    0.999999999997702E-01
0.999999999994060E-01    0.999999999988299E-01    0.999999999994727E-01    0.999999999980522E-01    0.999999999995104E-01    0.279001953782390E-01    0.999999999996613E-01    0.999999999993712E-01    0.999999999995267E-01    0.999999999989375E-01    0.999999999995204E-01    0.999999999984541E-01    0.999999999995578E-01    0.999999999980577E-01    0.999999999997778E-01
0.279001930214252E-01    0.999999999994712E-01    0.999999999986152E-01    0.999999999997269E-01    0.999999999991717E-01    0.999999999997404E-01    0.999999999991900E-01    0.999999999990970E-01    0.999999999999568E-01    0.999999999995201E-01    0.999999999984024E-01    0.999999999998508E-01    0.999999999994454E-01    0.999999999998936E-01    0.999999999997972E-01
0.999999999998613E-01    0.999999999992246E-01    0.999999999995010E-01    0.999999999999473E-01    0.999999999992662E-01    0.999999999996774E-01    0.999999999990017E-01    0.999999999999095E-01    0.999999999993528E-01    0.999999999992884E-01    0.999999999996549E-01    0.999999999996330E-01    0.288720963745532E-01    0.999999999993187E-01    0.999999999990716E-01
0.999999999999901E-01    0.999999999996204E-01    0.999999999996166E-01    0.999999999996907E-01    0.999999999991819E-01    0.999999999992226E-01    0.999999999999949E-01    0.999999999992290E-01    0.999999999999133E-01    0.999999999997178E-01    0.999999999997402E-01    0.999999999996944E-01    0.999999999996849E-01    0.999999999994280E-01    0.288720956858688E-01
0.999999999994452E-01    0.999999999997647E-01    0.999999999987189E-01    0.999999999993093E-01    0.999999999988663E-01    0.999999999991353E-01    0.999999999992090E-01    0.999999999980561E-01    0.999999999978590E-01    0.299736650791698E-01    0.999999999990185E-01    0.999999999995453E-01    0.999999999998099E-01    0.999999999985628E-01    0.999999999993589E-01
0.999999999994089E-01    0.999999999998919E-01    0.999999999995614E-01    0.999999999999232E-01    0.999999999999641E-01    0.999999999995825E-01    0.999999999983654E-01    0.288720997368443E-01    0.999999999998634E-01    0.999999999986681E-01    0.999999999999742E-01    0.999999999997476E-01    0.999999999993621E-01    0.999999999991621E-01    0.999999999994711E-01
0.999999999959697E-01    0.999999999995113E-01    0.999999999996136E-01    0.999999999997552E-01    0.999999999997488E-01    0.999999999999584E-01    0.999999999992320E-01    0.999999999997501E-01    0.999999999996533E-01    0.999999999998316E-01    0.288720995647150E-01    0.999999999974234E-01    0.999999999998123E-01    0.999999999994685E-01    0.999999999997424E-01
0.999999999991760E-01    0.999999999998746E-01    0.999999999992034E-01    0.279001925369775E-01    0.999999999994772E-01    0.999999999994960E-01    0.999999999998911E-01    0.999999999999069E-01    0.999999999997159E-01    0.999999999998861E-01    0.999999999990426E-01    0.999999999996492E-01    0.999999999989873E-01    0.999999999995565E-01    0.999999999997941E-01
0.999999999999846E-01    0.999999999984586E-01    0.279001960900019E-01    0.999999999986485E-01    0.999999999985779E-01    0.999999999996058E-01    0.999999999995235E-01    0.999999999995759E-01    0.999999999996498E-01    0.999999999999512E-01    0.999999999995537E-01    0.999999999998416E-01    0.999999999991370E-01    0.999999999985124E-01    0.999999999998984E-01
0.999999999997444E-01    0.279001992481979E-01    0.999999999994224E-01    0.999999999995566E-01    0.999999999996721E-01    0.999999999994384E-01    0.999999999988157E-01    0.999999999995557E-01    0.999999999997921E-01    0.999999999998930E-01    0.999999999998446E-01    0.999999999958651E-01    0.999999999990494E-01    0.999999999996768E-01    0.999999999999173E-01
0.999999999995165E-01    0.999999999989997E-01    0.999999999999921E-01    0.999999999986250E-01    0.999999999999065E-01    0.999999999999753E-01    0.999999999984435E-01    0.999999999983926E-01    0.999999999999786E-01    0.999999999990114E-01    0.999999999980089E-01    0.288720972072097E-01    0.999999999984654E-01    0.999999999989633E-01    0.999999999985162E-01
0.999999999998415E-01    0.999999999997663E-01    0.999999999998385E-01    0.999999999997008E-01    0.999999999988467E-01    0.999999999992783E-01    0.999999999995477E-01    0.999999999999484E-01    0.999999999985919E-01    0.999999999998646E-01    0.999999999992192E-01    0.999999999997185E-01    0.999999999995107E-01    0.279001977336344E-01    0.999999999996348E-01
0.999999999992861E-01    0.999999999993848E-01    0.999999999994999E-01    0.999999999987032E-01    0.279002021844599E-01    0.999999999999724E-01    0.999999999988716E-01    0.999999999965472E-01    0.999999999998565E-01    0.999999999985043E-01    0.999999999998842E-01    0.999999999987869E-01    0.999999999999017E-01    0.999999999987013E-01    0.999999999998402E-01
0.999999999998129E-01    0.999999999973347E-01    0.999999999983804E-01    0.999999999994708E-01    0.999999999999615E-01    0.999999999997004E-01    0.999999999991394E-01    0.999999999998520E-01    0.288720954984554E-01    0.999999999991832E-01    0.999999999999514E-01    0.999999999990035E-01    0.999999999991137E-01    0.999999999996515E-01    0.999999999997530E-01