     2.20118215     5.99345597     8.90120585    11.12551957    12.76827595    13.90275223    14.57042076    14.79000000    14.57042076    13.90275223    12.76827595    11.12551957     8.90120585     5.99345597     2.20118215
     4.34000000     4.34000000     4.34000000     4.34000000     4.34000000     4.34000000     4.34000000     4.34000000     4.34000000     4.34000000     4.34000000     4.34000000     4.34000000     4.34000000     4.34000000
     4.34000000     4.34000000     4.34000000     4.34000000     4.34000000     4.34000000     4.34000000     4.34000000     4.34000000     4.34000000     4.34000000     4.34000000     4.34000000     4.34000000     4.34000000
     4.34000000     4.34000000     4.34000000     4.34000000     4.34000000     4.34000000     4.34000000     4.34000000     4.34000000     4.34000000     4.34000000     4.34000000     4.34000000     4.34000000     4.34000000
     4.34000000     4.34000000     4.34000000     4.34000000     4.34000000     4.34000000     4.34000000     4.34000000     4.34000000     4.34000000     4.34000000     4.34000000     4.34000000     4.34000000     4.34000000
     4.34000000     4.34000000     4.34000000     4.34000000     4.34000000     4.34000000     4.34000000     4.34000000     4.34000000     4.34000000     4.34000000     4.34000000     4.34000000     4.34000000     4.34000000
     4.34000000     4.34000000     4.34000000     4.34000000     4.34000000     4.34000000     4.34000000     4.34000000     4.34000000     4.34000000     4.34000000     4.34000000     4.34000000     4.34000000     4.34000000
     4.34000000     4.34000000     4.34000000     4.34000000     4.34000000     4.34000000     4.34000000     4.34000000     4.34000000     4.34000000     4.34000000     4.34000000     4.34000000     4.34000000     4.34000000
     4.34000000     4.34000000     4.34000000     4.34000000     4.34000000     4.34000000     4.34000000     4.34000000     4.34000000     4.34000000     4.34000000     4.34000000     4.34000000     4.34000000     4.34000000
     4.34000000     4.34000000     4.34000000     4.34000000     4.34000000     4.34000000     4.34000000     4.34000000     4.34000000     4.34000000     4.34000000     4.34000000     4.34000000     4.34000000     4.34000000
     4.34000000     4.34000000     4.34000000     4.34000000     4.34000000     4.34000000     4.34000000     4.34000000     4.34000000     4.34000000     4.34000000     4.34000000     4.34000000     4.34000000     4.34000000
     4.34000000     4.34000000     4.34000000     4.34000000     4.34000000     4.34000000     4.34000000     4.34000000     4.34000000     4.34000000     4.34000000     4.34000000     4.34000000     4.34000000     4.34000000
     4.34000000     4.34000000     4.34000000     4.34000000     4.34000000     4.34000000     4.34000000     4.34000000     4.34000000     4.34000000     4.34000000     4.34000000     4.34000000     4.34000000     4.34000000
     4.34000000     4.34000000     4.34000000     4.34000000     4.34000000     4.34000000     4.34000000     4.34000000     4.34000000     4.34000000     4.34000000     4.34000000     4.34000000     4.34000000     4.34000000
     2.20118215     5.99345597     8.90120585    11.12551957    12.76827595    13.90275223    14.57042076    14.79000000    14.57042076    13.90275223    12.76827595    11.12551957     8.90120585     5.99345597     2.20118215

